year,chargeable_income,rate,income_threshold
2024,20000,0.00,0
2024,10000,0.02,20000
2024,10000,0.035,30000
2024,40000,0.07,40000
2024,40000,0.115,80000
2024,40000,0.15,120000
2024,40000,0.18,160000
2024,40000,0.19,200000
2024,40000,0.195,240000
2024,40000,0.20,280000
2024,180000,0.22,320000
2024,500000,0.23,500000
2024,,0.24,1000000